1000	2.06841e-36
1084.37	2.23304e-36
1175.85	2.41036e-36
1275.05	2.60129e-36
1382.62	2.80677e-36
1499.27	3.02783e-36
1625.76	3.26554e-36
1762.91	3.52102e-36
1911.64	3.79547e-36
2072.92	4.09014e-36
2247.81	4.40633e-36
2437.44	4.74542e-36
2643.08	5.10884e-36
2866.07	5.49809e-36
3107.87	5.91472e-36
3370.06	6.36035e-36
3654.38	6.83664e-36
3962.69	7.34532e-36
4297	7.88819e-36
4659.53	8.46707e-36
5052.63	9.08386e-36
5478.9	9.7405e-36
5941.13	1.0439e-35
6442.36	1.11813e-35
6985.88	1.19696e-35
7575.25	1.28059e-35
8214.34	1.36924e-35
8907.35	1.46313e-35
9658.83	1.56247e-35
10473.7	1.6675e-35
11357.3	1.77844e-35
12315.5	1.89552e-35
13354.5	2.01898e-35
14481.2	2.14905e-35
15702.9	2.28598e-35
17027.7	2.43e-35
18464.2	2.58137e-35
20022	2.74034e-35
21711.2	2.90716e-35
23542.9	3.08211e-35
25529.1	3.26544e-35
27682.9	3.45743e-35
30018.4	3.65836e-35
32550.9	3.86853e-35
35297.1	4.08822e-35
38274.9	4.31775e-35
41504	4.55742e-35
45005.6	4.80757e-35
48802.5	5.06852e-35
52919.8	5.34064e-35
57384.4	5.62426e-35
62225.7	5.91978e-35
67475.4	6.22758e-35
73168.1	6.54806e-35
79341	6.88163e-35
86034.6	7.22873e-35
93293	7.58979e-35
101164	7.9653e-35
109699	8.35573e-35
118953	8.76158e-35
128989	9.18336e-35
139871	9.62161e-35
151672	1.00769e-34
164468	1.05498e-34
178343	1.10408e-34
193389	1.15507e-34
209705	1.208e-34
227397	1.26294e-34
246581	1.31996e-34
267384	1.37913e-34
289942	1.44051e-34
314404	1.50419e-34
340929	1.57023e-34
369691	1.63872e-34
400881	1.70975e-34
434701	1.78338e-34
471375	1.85971e-34
511143	1.93883e-34
554266	2.02082e-34
601028	2.10578e-34
651734	2.19381e-34
706718	2.285e-34
766341	2.37946e-34
830994	2.47728e-34
901102	2.57857e-34
977124	2.68345e-34
1.05956e+06	2.79202e-34
1.14895e+06	2.9044e-34
1.24588e+06	3.0207e-34
1.35099e+06	3.14105e-34
1.46497e+06	3.26558e-34
1.58857e+06	3.39439e-34
1.72259e+06	3.52764e-34
1.86791e+06	3.66544e-34
2.0255e+06	3.80794e-34
2.19639e+06	3.95528e-34
2.38169e+06	4.10759e-34
2.58262e+06	4.26503e-34
2.8005e+06	4.42775e-34
3.03677e+06	4.5959e-34
3.29297e+06	4.76964e-34
3.57079e+06	4.94912e-34
3.87204e+06	5.13453e-34
4.19871e+06	5.32602e-34
4.55294e+06	5.52376e-34
4.93705e+06	5.72795e-34
5.35357e+06	5.93876e-34
5.80523e+06	6.15638e-34
6.29499e+06	6.38099e-34
6.82607e+06	6.6128e-34
7.40196e+06	6.852e-34
8.02643e+06	7.09881e-34
8.70359e+06	7.35343e-34
9.43788e+06	7.61607e-34
1.02341e+07	7.88697e-34
1.10975e+07	8.16634e-34
1.20338e+07	8.45442e-34
1.3049e+07	8.75144e-34
1.41499e+07	9.05765e-34
1.53437e+07	9.37329e-34
1.66382e+07	9.69863e-34
1.80419e+07	1.00339e-33
1.9564e+07	1.03794e-33
2.12145e+07	1.07354e-33
2.30043e+07	1.11022e-33
2.49451e+07	1.148e-33
2.70496e+07	1.18691e-33
2.93317e+07	1.22699e-33
3.18063e+07	1.26827e-33
3.44896e+07	1.31077e-33
3.73994e+07	1.35453e-33
4.05546e+07	1.39958e-33
4.3976e+07	1.44596e-33
4.76861e+07	1.4937e-33
5.17092e+07	1.54283e-33
5.60717e+07	1.59339e-33
6.08022e+07	1.64541e-33
6.59319e+07	1.69895e-33
7.14943e+07	1.75402e-33
7.7526e+07	1.81067e-33
8.40665e+07	1.86895e-33
9.11589e+07	1.92888e-33
9.88496e+07	1.99052e-33
1.07189e+08	2.05391e-33
1.16232e+08	2.11908e-33
1.26038e+08	2.18609e-33
1.36672e+08	2.25498e-33
1.48202e+08	2.32579e-33
1.60705e+08	2.39857e-33
1.74263e+08	2.47337e-33
1.88965e+08	2.55024e-33
2.04907e+08	2.62923e-33
2.22195e+08	2.71038e-33
2.4094e+08	2.79375e-33
2.61268e+08	2.87939e-33
2.8331e+08	2.96735e-33
3.07211e+08	3.05769e-33
3.33129e+08	3.15045e-33
3.61234e+08	3.24571e-33
3.9171e+08	3.3435e-33
4.24757e+08	3.44388e-33
4.60592e+08	3.54692e-33
4.99451e+08	3.65267e-33
5.41587e+08	3.76118e-33
5.87279e+08	3.87252e-33
6.36825e+08	3.98673e-33
6.90551e+08	4.10389e-33
7.4881e+08	4.22404e-33
8.11984e+08	4.34725e-33
8.80488e+08	4.47357e-33
9.54772e+08	4.60305e-33
1.03532e+09	4.73576e-33
1.12267e+09	4.87174e-33
1.21738e+09	5.01106e-33
1.32009e+09	5.15376e-33
1.43146e+09	5.29989e-33
1.55223e+09	5.44951e-33
1.68318e+09	5.60265e-33
1.82518e+09	5.75936e-33
1.97917e+09	5.91968e-33
2.14614e+09	6.08365e-33
2.3272e+09	6.25129e-33
2.52354e+09	6.42263e-33
2.73644e+09	6.59771e-33
2.9673e+09	6.77652e-33
3.21764e+09	6.95909e-33
3.4891e+09	7.14541e-33
3.78346e+09	7.33548e-33
4.10266e+09	7.52928e-33
4.44878e+09	7.7268e-33
4.82411e+09	7.928e-33
5.2311e+09	8.13284e-33
5.67243e+09	8.34127e-33
6.15099e+09	8.55322e-33
6.66992e+09	8.76861e-33
7.23263e+09	8.98735e-33
7.84282e+09	9.20934e-33
8.50449e+09	9.43445e-33
9.22198e+09	9.66255e-33
1e+10	9.89349e-33
