1000	3.79186e-36
1084.37	4.10397e-36
1175.85	4.44127e-36
1275.05	4.80568e-36
1382.62	5.19921e-36
1499.27	5.62478e-36
1625.76	6.08271e-36
1762.91	6.57742e-36
1911.64	7.11096e-36
2072.92	7.68619e-36
2247.81	8.30595e-36
2437.44	8.97347e-36
2643.08	9.69205e-36
2866.07	1.04652e-35
3107.87	1.12968e-35
3370.06	1.21906e-35
3654.38	1.31508e-35
3962.69	1.41816e-35
4297	1.52877e-35
4659.53	1.64738e-35
5052.63	1.77448e-35
5478.9	1.91059e-35
5941.13	2.05625e-35
6442.36	2.21199e-35
6985.88	2.37844e-35
7575.25	2.5562e-35
8214.34	2.74586e-35
8907.35	2.9481e-35
9658.83	3.16356e-35
10473.7	3.39294e-35
11357.3	3.63695e-35
12315.5	3.89631e-35
13354.5	4.17177e-35
14481.2	4.46412e-35
15702.9	4.77408e-35
17027.7	5.1025e-35
18464.2	5.45018e-35
20022	5.81797e-35
21711.2	6.20672e-35
23542.9	6.61736e-35
25529.1	7.05067e-35
27682.9	7.5076e-35
30018.4	7.98908e-35
32550.9	8.49605e-35
35297.1	9.02946e-35
38274.9	9.59029e-35
41504	1.01795e-34
45005.6	1.07981e-34
48802.5	1.14472e-34
52919.8	1.21277e-34
57384.4	1.28408e-34
62225.7	1.35877e-34
67475.4	1.43691e-34
73168.1	1.51864e-34
79341	1.60407e-34
86034.6	1.69332e-34
93293	1.7865e-34
101164	1.88373e-34
109699	1.98515e-34
118953	2.09087e-34
128989	2.20103e-34
139871	2.31576e-34
151672	2.4352e-34
164468	2.55949e-34
178343	2.68876e-34
193389	2.82317e-34
209705	2.96287e-34
227397	3.108e-34
246581	3.25874e-34
267384	3.41523e-34
289942	3.57765e-34
314404	3.74616e-34
340929	3.92096e-34
369691	4.1022e-34
400881	4.29007e-34
434701	4.48478e-34
471375	4.68651e-34
511143	4.89546e-34
554266	5.11185e-34
601028	5.33589e-34
651734	5.56777e-34
706718	5.80773e-34
766341	6.056e-34
830994	6.31282e-34
901102	6.57843e-34
977124	6.85308e-34
1.05956e+06	7.13701e-34
1.14895e+06	7.43051e-34
1.24588e+06	7.73382e-34
1.35099e+06	8.04723e-34
1.46497e+06	8.37102e-34
1.58857e+06	8.70548e-34
1.72259e+06	9.05091e-34
1.86791e+06	9.40761e-34
2.0255e+06	9.77591e-34
2.19639e+06	1.01561e-33
2.38169e+06	1.05486e-33
2.58262e+06	1.09536e-33
2.8005e+06	1.13715e-33
3.03677e+06	1.18028e-33
3.29297e+06	1.22476e-33
3.57079e+06	1.27065e-33
3.87204e+06	1.31798e-33
4.19871e+06	1.36679e-33
4.55294e+06	1.41712e-33
4.93705e+06	1.46901e-33
5.35357e+06	1.5225e-33
5.80523e+06	1.57763e-33
6.29499e+06	1.63445e-33
6.82607e+06	1.69301e-33
7.40196e+06	1.75335e-33
8.02643e+06	1.81552e-33
8.70359e+06	1.87956e-33
9.43788e+06	1.94553e-33
1.02341e+07	2.01347e-33
1.10975e+07	2.08344e-33
1.20338e+07	2.15549e-33
1.3049e+07	2.22968e-33
1.41499e+07	2.30606e-33
1.53437e+07	2.38468e-33
1.66382e+07	2.4656e-33
1.80419e+07	2.54889e-33
1.9564e+07	2.6346e-33
2.12145e+07	2.72279e-33
2.30043e+07	2.81353e-33
2.49451e+07	2.90689e-33
2.70496e+07	3.00291e-33
2.93317e+07	3.10168e-33
3.18063e+07	3.20326e-33
3.44896e+07	3.30773e-33
3.73994e+07	3.41514e-33
4.05546e+07	3.52557e-33
4.3976e+07	3.63911e-33
4.76861e+07	3.75581e-33
5.17092e+07	3.87576e-33
5.60717e+07	3.99904e-33
6.08022e+07	4.12572e-33
6.59319e+07	4.25588e-33
7.14943e+07	4.38961e-33
7.7526e+07	4.52699e-33
8.40665e+07	4.66809e-33
9.11589e+07	4.81301e-33
9.88496e+07	4.96184e-33
1.07189e+08	5.11466e-33
1.16232e+08	5.27155e-33
1.26038e+08	5.43261e-33
1.36672e+08	5.59792e-33
1.48202e+08	5.76759e-33
1.60705e+08	5.94169e-33
1.74263e+08	6.12034e-33
1.88965e+08	6.3036e-33
2.04907e+08	6.49157e-33
2.22195e+08	6.68436e-33
2.4094e+08	6.88203e-33
2.61268e+08	7.0847e-33
2.8331e+08	7.29244e-33
3.07211e+08	7.50535e-33
3.33129e+08	7.72353e-33
3.61234e+08	7.94704e-33
3.9171e+08	8.17598e-33
4.24757e+08	8.41041e-33
4.60592e+08	8.65052e-33
4.99451e+08	8.89622e-33
5.41587e+08	9.14765e-33
5.87279e+08	9.40488e-33
6.36825e+08	9.66797e-33
6.90551e+08	9.93699e-33
7.4881e+08	1.0212e-32
8.11984e+08	1.0493e-32
8.80488e+08	1.078e-32
9.54772e+08	1.10732e-32
1.03532e+09	1.13724e-32
1.12267e+09	1.16778e-32
1.21738e+09	1.19893e-32
1.32009e+09	1.23069e-32
1.43146e+09	1.26306e-32
1.55223e+09	1.29603e-32
1.68318e+09	1.3296e-32
1.82518e+09	1.36377e-32
1.97917e+09	1.39853e-32
2.14614e+09	1.43386e-32
2.3272e+09	1.46976e-32
2.52354e+09	1.50621e-32
2.73644e+09	1.54321e-32
2.9673e+09	1.58073e-32
3.21764e+09	1.61876e-32
3.4891e+09	1.65728e-32
3.78346e+09	1.69627e-32
4.10266e+09	1.7357e-32
4.44878e+09	1.77555e-32
4.82411e+09	1.81579e-32
5.2311e+09	1.85639e-32
5.67243e+09	1.89733e-32
6.15099e+09	1.93857e-32
6.66992e+09	1.98007e-32
7.23263e+09	2.0218e-32
7.84282e+09	2.06373e-32
8.50449e+09	2.1058e-32
9.22198e+09	2.14799e-32
1e+10	2.19024e-32
