1000	6.49543e-36
1084.37	7.00686e-36
1175.85	7.55684e-36
1275.05	8.1481e-36
1382.62	8.78334e-36
1499.27	9.46548e-36
1625.76	1.01976e-35
1762.91	1.0983e-35
1911.64	1.18251e-35
2072.92	1.2727e-35
2247.81	1.36926e-35
2437.44	1.47257e-35
2643.08	1.58302e-35
2866.07	1.70101e-35
3107.87	1.82696e-35
3370.06	1.96131e-35
3654.38	2.10451e-35
3962.69	2.25699e-35
4297	2.41921e-35
4659.53	2.59169e-35
5052.63	2.77486e-35
5478.9	2.96924e-35
5941.13	3.17533e-35
6442.36	3.39364e-35
6985.88	3.62467e-35
7575.25	3.86896e-35
8214.34	4.12702e-35
8907.35	4.39938e-35
9658.83	4.68661e-35
10473.7	4.98923e-35
11357.3	5.3078e-35
12315.5	5.64287e-35
13354.5	5.99504e-35
14481.2	6.3648e-35
15702.9	6.75278e-35
17027.7	7.15956e-35
18464.2	7.58575e-35
20022	8.03202e-35
21711.2	8.49887e-35
23542.9	8.98701e-35
25529.1	9.49708e-35
27682.9	1.00298e-34
30018.4	1.05858e-34
32550.9	1.11658e-34
35297.1	1.17706e-34
38274.9	1.24009e-34
41504	1.30575e-34
45005.6	1.37412e-34
48802.5	1.4453e-34
52919.8	1.51937e-34
57384.4	1.59641e-34
62225.7	1.67652e-34
67475.4	1.75981e-34
73168.1	1.84637e-34
79341	1.9363e-34
86034.6	2.02972e-34
93293	2.12675e-34
101164	2.22749e-34
109699	2.33208e-34
118953	2.44063e-34
128989	2.55328e-34
139871	2.67017e-34
151672	2.79143e-34
164468	2.91722e-34
178343	3.04767e-34
193389	3.18295e-34
209705	3.32321e-34
227397	3.46861e-34
246581	3.61934e-34
267384	3.77556e-34
289942	3.93745e-34
314404	4.10519e-34
340929	4.27898e-34
369691	4.45902e-34
400881	4.6455e-34
434701	4.83863e-34
471375	5.03862e-34
511143	5.2457e-34
554266	5.46008e-34
601028	5.682e-34
651734	5.91169e-34
706718	6.14941e-34
766341	6.39538e-34
830994	6.64986e-34
901102	6.91312e-34
977124	7.18542e-34
1.05956e+06	7.46705e-34
1.14895e+06	7.75827e-34
1.24588e+06	8.05939e-34
1.35099e+06	8.37069e-34
1.46497e+06	8.69248e-34
1.58857e+06	9.02507e-34
1.72259e+06	9.36878e-34
1.86791e+06	9.72392e-34
2.0255e+06	1.00908e-33
2.19639e+06	1.04699e-33
2.38169e+06	1.08614e-33
2.58262e+06	1.12657e-33
2.8005e+06	1.16832e-33
3.03677e+06	1.21143e-33
3.29297e+06	1.25594e-33
3.57079e+06	1.30187e-33
3.87204e+06	1.34929e-33
4.19871e+06	1.39822e-33
4.55294e+06	1.44871e-33
4.93705e+06	1.5008e-33
5.35357e+06	1.55453e-33
5.80523e+06	1.60996e-33
6.29499e+06	1.66713e-33
6.82607e+06	1.72608e-33
7.40196e+06	1.78687e-33
8.02643e+06	1.84954e-33
8.70359e+06	1.91415e-33
9.43788e+06	1.98074e-33
1.02341e+07	2.04938e-33
1.10975e+07	2.12011e-33
1.20338e+07	2.19299e-33
1.3049e+07	2.26808e-33
1.41499e+07	2.34544e-33
1.53437e+07	2.42513e-33
1.66382e+07	2.5072e-33
1.80419e+07	2.59173e-33
1.9564e+07	2.67877e-33
2.12145e+07	2.7684e-33
2.30043e+07	2.86067e-33
2.49451e+07	2.95566e-33
2.70496e+07	3.05344e-33
2.93317e+07	3.15409e-33
3.18063e+07	3.25766e-33
3.44896e+07	3.36424e-33
3.73994e+07	3.47391e-33
4.05546e+07	3.58675e-33
4.3976e+07	3.70282e-33
4.76861e+07	3.82223e-33
5.17092e+07	3.94504e-33
5.60717e+07	4.07135e-33
6.08022e+07	4.20125e-33
6.59319e+07	4.33481e-33
7.14943e+07	4.47215e-33
7.7526e+07	4.61333e-33
8.40665e+07	4.75848e-33
9.11589e+07	4.90767e-33
9.88496e+07	5.061e-33
1.07189e+08	5.21859e-33
1.16232e+08	5.38053e-33
1.26038e+08	5.54692e-33
1.36672e+08	5.71788e-33
1.48202e+08	5.89351e-33
1.60705e+08	6.07391e-33
1.74263e+08	6.25922e-33
1.88965e+08	6.44953e-33
2.04907e+08	6.64498e-33
2.22195e+08	6.84566e-33
2.4094e+08	7.05169e-33
2.61268e+08	7.26319e-33
2.8331e+08	7.4803e-33
3.07211e+08	7.70313e-33
3.33129e+08	7.93182e-33
3.61234e+08	8.16646e-33
3.9171e+08	8.4072e-33
4.24757e+08	8.65417e-33
4.60592e+08	8.90748e-33
4.99451e+08	9.16727e-33
5.41587e+08	9.43379e-33
5.87279e+08	9.70692e-33
6.36825e+08	9.9869e-33
6.90551e+08	1.02739e-32
7.4881e+08	1.05679e-32
8.11984e+08	1.08692e-32
8.80488e+08	1.11779e-32
9.54772e+08	1.1494e-32
1.03532e+09	1.18176e-32
1.12267e+09	1.2149e-32
1.21738e+09	1.24881e-32
1.32009e+09	1.2835e-32
1.43146e+09	1.319e-32
1.55223e+09	1.3553e-32
1.68318e+09	1.3924e-32
1.82518e+09	1.43033e-32
1.97917e+09	1.46908e-32
2.14614e+09	1.50865e-32
2.3272e+09	1.54905e-32
2.52354e+09	1.59028e-32
2.73644e+09	1.63233e-32
2.9673e+09	1.67521e-32
3.21764e+09	1.71891e-32
3.4891e+09	1.76343e-32
3.78346e+09	1.80874e-32
4.10266e+09	1.85485e-32
4.44878e+09	1.90174e-32
4.82411e+09	1.94938e-32
5.2311e+09	1.99776e-32
5.67243e+09	2.04686e-32
6.15099e+09	2.09665e-32
6.66992e+09	2.14709e-32
7.23263e+09	2.19816e-32
7.84282e+09	2.24982e-32
8.50449e+09	2.30202e-32
9.22198e+09	2.35472e-32
1e+10	2.40788e-32
