1000	6.26538e-36
1084.37	6.75977e-36
1175.85	7.29159e-36
1275.05	7.86333e-36
1382.62	8.47771e-36
1499.27	9.13758e-36
1625.76	9.84588e-36
1762.91	1.06057e-35
1911.64	1.14205e-35
2072.92	1.22932e-35
2247.81	1.32278e-35
2437.44	1.42277e-35
2643.08	1.52968e-35
2866.07	1.6439e-35
3107.87	1.76583e-35
3370.06	1.89592e-35
3654.38	2.03456e-35
3962.69	2.18218e-35
4297	2.33926e-35
4659.53	2.50624e-35
5052.63	2.68361e-35
5478.9	2.87183e-35
5941.13	3.07137e-35
6442.36	3.28274e-35
6985.88	3.50642e-35
7575.25	3.74293e-35
8214.34	3.99275e-35
8907.35	4.25643e-35
9658.83	4.53443e-35
10473.7	4.82731e-35
11357.3	5.13558e-35
12315.5	5.4598e-35
13354.5	5.80045e-35
14481.2	6.15811e-35
15702.9	6.53332e-35
17027.7	6.92669e-35
18464.2	7.33868e-35
20022	7.76993e-35
21711.2	8.22103e-35
23542.9	8.69257e-35
25529.1	9.18518e-35
27682.9	9.69947e-35
30018.4	1.02361e-34
32550.9	1.07958e-34
35297.1	1.13791e-34
38274.9	1.19869e-34
41504	1.26198e-34
45005.6	1.32788e-34
48802.5	1.39643e-34
52919.8	1.46773e-34
57384.4	1.54187e-34
62225.7	1.61895e-34
67475.4	1.69903e-34
73168.1	1.78223e-34
79341	1.86863e-34
86034.6	1.95834e-34
93293	2.05146e-34
101164	2.14811e-34
109699	2.2484e-34
118953	2.35244e-34
128989	2.46057e-34
139871	2.5725e-34
151672	2.68833e-34
164468	2.80865e-34
178343	2.93336e-34
193389	3.06262e-34
209705	3.19657e-34
227397	3.33536e-34
246581	3.47915e-34
267384	3.6281e-34
289942	3.78237e-34
314404	3.94214e-34
340929	4.10757e-34
369691	4.27885e-34
400881	4.45616e-34
434701	4.63969e-34
471375	4.82964e-34
511143	5.02621e-34
554266	5.22958e-34
601028	5.43998e-34
651734	5.65762e-34
706718	5.88271e-34
766341	6.11549e-34
830994	6.35617e-34
901102	6.60501e-34
977124	6.86223e-34
1.05956e+06	7.12809e-34
1.14895e+06	7.40283e-34
1.24588e+06	7.6867e-34
1.35099e+06	7.97999e-34
1.46497e+06	8.28295e-34
1.58857e+06	8.59585e-34
1.72259e+06	8.91899e-34
1.86791e+06	9.25265e-34
2.0255e+06	9.59711e-34
2.19639e+06	9.95269e-34
2.38169e+06	1.03197e-33
2.58262e+06	1.06984e-33
2.8005e+06	1.10892e-33
3.03677e+06	1.14923e-33
3.29297e+06	1.19082e-33
3.57079e+06	1.23371e-33
3.87204e+06	1.27795e-33
4.19871e+06	1.32356e-33
4.55294e+06	1.37058e-33
4.93705e+06	1.41905e-33
5.35357e+06	1.46902e-33
5.80523e+06	1.52051e-33
6.29499e+06	1.57356e-33
6.82607e+06	1.62823e-33
7.40196e+06	1.68455e-33
8.02643e+06	1.74255e-33
8.70359e+06	1.8023e-33
9.43788e+06	1.86383e-33
1.02341e+07	1.92718e-33
1.10975e+07	1.99241e-33
1.20338e+07	2.05956e-33
1.3049e+07	2.12868e-33
1.41499e+07	2.19982e-33
1.53437e+07	2.27303e-33
1.66382e+07	2.34837e-33
1.80419e+07	2.42589e-33
1.9564e+07	2.50563e-33
2.12145e+07	2.58767e-33
2.30043e+07	2.67205e-33
2.49451e+07	2.75884e-33
2.70496e+07	2.84809e-33
2.93317e+07	2.93986e-33
3.18063e+07	3.03423e-33
3.44896e+07	3.13124e-33
3.73994e+07	3.23098e-33
4.05546e+07	3.3335e-33
4.3976e+07	3.43888e-33
4.76861e+07	3.54717e-33
5.17092e+07	3.65847e-33
5.60717e+07	3.77283e-33
6.08022e+07	3.89034e-33
6.59319e+07	4.01107e-33
7.14943e+07	4.13509e-33
7.7526e+07	4.2625e-33
8.40665e+07	4.39336e-33
9.11589e+07	4.52776e-33
9.88496e+07	4.66579e-33
1.07189e+08	4.80754e-33
1.16232e+08	4.95309e-33
1.26038e+08	5.10252e-33
1.36672e+08	5.25595e-33
1.48202e+08	5.41344e-33
1.60705e+08	5.57511e-33
1.74263e+08	5.74105e-33
1.88965e+08	5.91138e-33
2.04907e+08	6.08615e-33
2.22195e+08	6.26549e-33
2.4094e+08	6.44949e-33
2.61268e+08	6.63827e-33
2.8331e+08	6.83193e-33
3.07211e+08	7.03057e-33
3.33129e+08	7.23431e-33
3.61234e+08	7.44325e-33
3.9171e+08	7.6575e-33
4.24757e+08	7.87716e-33
4.60592e+08	8.10235e-33
4.99451e+08	8.33329e-33
5.41587e+08	8.56988e-33
5.87279e+08	8.81234e-33
6.36825e+08	9.06077e-33
6.90551e+08	9.31528e-33
7.4881e+08	9.57598e-33
8.11984e+08	9.84297e-33
8.80488e+08	1.01164e-32
9.54772e+08	1.03963e-32
1.03532e+09	1.06828e-32
1.12267e+09	1.0976e-32
1.21738e+09	1.12759e-32
1.32009e+09	1.15828e-32
1.43146e+09	1.18966e-32
1.55223e+09	1.22174e-32
1.68318e+09	1.25453e-32
1.82518e+09	1.28803e-32
1.97917e+09	1.32226e-32
2.14614e+09	1.3572e-32
2.3272e+09	1.39287e-32
2.52354e+09	1.42927e-32
2.73644e+09	1.46639e-32
2.9673e+09	1.50424e-32
3.21764e+09	1.5428e-32
3.4891e+09	1.58208e-32
3.78346e+09	1.62207e-32
4.10266e+09	1.66275e-32
4.44878e+09	1.70412e-32
4.82411e+09	1.74616e-32
5.2311e+09	1.78885e-32
5.67243e+09	1.83217e-32
6.15099e+09	1.8761e-32
6.66992e+09	1.92062e-32
7.23263e+09	1.96569e-32
7.84282e+09	2.01128e-32
8.50449e+09	2.05737e-32
9.22198e+09	2.1039e-32
1e+10	2.15084e-32
