1000	2.1146e-36
1084.37	2.28283e-36
1175.85	2.46402e-36
1275.05	2.65908e-36
1382.62	2.869e-36
1499.27	3.0948e-36
1625.76	3.33757e-36
1762.91	3.59846e-36
1911.64	3.87868e-36
2072.92	4.17949e-36
2247.81	4.50223e-36
2437.44	4.84828e-36
2643.08	5.21909e-36
2866.07	5.61618e-36
3107.87	6.04112e-36
3370.06	6.49553e-36
3654.38	6.98111e-36
3962.69	7.49961e-36
4297	8.05282e-36
4659.53	8.6426e-36
5052.63	9.27085e-36
5478.9	9.93951e-36
5941.13	1.06506e-35
6442.36	1.14061e-35
6985.88	1.22081e-35
7575.25	1.30588e-35
8214.34	1.39603e-35
8907.35	1.49147e-35
9658.83	1.59244e-35
10473.7	1.69915e-35
11357.3	1.81183e-35
12315.5	1.93071e-35
13354.5	2.05604e-35
14481.2	2.18804e-35
15702.9	2.32696e-35
17027.7	2.47305e-35
18464.2	2.62655e-35
20022	2.78772e-35
21711.2	2.95681e-35
23542.9	3.1341e-35
25529.1	3.31986e-35
27682.9	3.51437e-35
30018.4	3.71791e-35
32550.9	3.93077e-35
35297.1	4.15327e-35
38274.9	4.38571e-35
41504	4.62843e-35
45005.6	4.88175e-35
48802.5	5.14603e-35
52919.8	5.42161e-35
57384.4	5.70889e-35
62225.7	6.00824e-35
67475.4	6.32008e-35
73168.1	6.64481e-35
79341	6.98287e-35
86034.6	7.33472e-35
93293	7.70081e-35
101164	8.08165e-35
109699	8.47773e-35
118953	8.88959e-35
128989	9.31775e-35
139871	9.76279e-35
151672	1.02253e-34
164468	1.07058e-34
178343	1.12051e-34
193389	1.17237e-34
209705	1.22633e-34
227397	1.28226e-34
246581	1.34021e-34
267384	1.40049e-34
289942	1.46305e-34
314404	1.52798e-34
340929	1.59536e-34
369691	1.66527e-34
400881	1.73778e-34
434701	1.813e-34
471375	1.89101e-34
511143	1.9719e-34
554266	2.05576e-34
601028	2.1427e-34
651734	2.23281e-34
706718	2.3262e-34
766341	2.42297e-34
830994	2.52322e-34
901102	2.62707e-34
977124	2.73463e-34
1.05956e+06	2.84601e-34
1.14895e+06	2.96134e-34
1.24588e+06	3.08074e-34
1.35099e+06	3.20432e-34
1.46497e+06	3.33222e-34
1.58857e+06	3.46456e-34
1.72259e+06	3.60149e-34
1.86791e+06	3.74313e-34
2.0255e+06	3.88962e-34
2.19639e+06	4.04111e-34
2.38169e+06	4.19775e-34
2.58262e+06	4.35967e-34
2.8005e+06	4.52705e-34
3.03677e+06	4.70002e-34
3.29297e+06	4.87876e-34
3.57079e+06	5.06342e-34
3.87204e+06	5.25417e-34
4.19871e+06	5.45119e-34
4.55294e+06	5.65464e-34
4.93705e+06	5.86471e-34
5.35357e+06	6.08157e-34
5.80523e+06	6.30542e-34
6.29499e+06	6.53644e-34
6.82607e+06	6.77483e-34
7.40196e+06	7.02079e-34
8.02643e+06	7.27451e-34
8.70359e+06	7.53622e-34
9.43788e+06	7.80612e-34
1.02341e+07	8.08442e-34
1.10975e+07	8.37136e-34
1.20338e+07	8.66714e-34
1.3049e+07	8.97202e-34
1.41499e+07	9.28622e-34
1.53437e+07	9.60998e-34
1.66382e+07	9.94355e-34
1.80419e+07	1.02872e-33
1.9564e+07	1.06411e-33
2.12145e+07	1.10057e-33
2.30043e+07	1.1381e-33
2.49451e+07	1.17675e-33
2.70496e+07	1.21654e-33
2.93317e+07	1.25749e-33
3.18063e+07	1.29965e-33
3.44896e+07	1.34302e-33
3.73994e+07	1.38766e-33
4.05546e+07	1.43358e-33
4.3976e+07	1.48082e-33
4.76861e+07	1.52941e-33
5.17092e+07	1.57938e-33
5.60717e+07	1.63077e-33
6.08022e+07	1.6836e-33
6.59319e+07	1.73792e-33
7.14943e+07	1.79375e-33
7.7526e+07	1.85114e-33
8.40665e+07	1.91011e-33
9.11589e+07	1.97071e-33
9.88496e+07	2.03297e-33
1.07189e+08	2.09693e-33
1.16232e+08	2.16263e-33
1.26038e+08	2.2301e-33
1.36672e+08	2.29938e-33
1.48202e+08	2.37052e-33
1.60705e+08	2.44355e-33
1.74263e+08	2.51851e-33
1.88965e+08	2.59544e-33
2.04907e+08	2.67439e-33
2.22195e+08	2.7554e-33
2.4094e+08	2.8385e-33
2.61268e+08	2.92373e-33
2.8331e+08	3.01115e-33
3.07211e+08	3.10078e-33
3.33129e+08	3.19267e-33
3.61234e+08	3.28686e-33
3.9171e+08	3.38339e-33
4.24757e+08	3.48231e-33
4.60592e+08	3.58364e-33
4.99451e+08	3.68742e-33
5.41587e+08	3.7937e-33
5.87279e+08	3.9025e-33
6.36825e+08	4.01387e-33
6.90551e+08	4.12784e-33
7.4881e+08	4.24444e-33
8.11984e+08	4.3637e-33
8.80488e+08	4.48564e-33
9.54772e+08	4.61029e-33
1.03532e+09	4.73769e-33
1.12267e+09	4.86782e-33
1.21738e+09	5.00072e-33
1.32009e+09	5.13641e-33
1.43146e+09	5.27488e-33
1.55223e+09	5.41615e-33
1.68318e+09	5.56021e-33
1.82518e+09	5.70707e-33
1.97917e+09	5.85669e-33
2.14614e+09	6.00908e-33
2.3272e+09	6.16421e-33
2.52354e+09	6.32205e-33
2.73644e+09	6.48256e-33
2.9673e+09	6.64572e-33
3.21764e+09	6.81145e-33
3.4891e+09	6.97973e-33
3.78346e+09	7.15048e-33
4.10266e+09	7.32362e-33
4.44878e+09	7.49909e-33
4.82411e+09	7.67679e-33
5.2311e+09	7.85664e-33
5.67243e+09	8.03855e-33
6.15099e+09	8.22238e-33
6.66992e+09	8.40801e-33
7.23263e+09	8.5953e-33
7.84282e+09	8.78415e-33
8.50449e+09	8.97438e-33
9.22198e+09	9.16584e-33
1e+10	9.3584e-33
