1000	3.5131e-36
1084.37	3.81749e-36
1175.85	4.14581e-36
1275.05	4.5004e-36
1382.62	4.88478e-36
1499.27	5.3002e-36
1625.76	5.7499e-36
1762.91	6.23414e-36
1911.64	6.75744e-36
2072.92	7.32231e-36
2247.81	7.93091e-36
2437.44	8.58801e-36
2643.08	9.29473e-36
2866.07	1.00576e-35
3107.87	1.08756e-35
3370.06	1.17578e-35
3654.38	1.27056e-35
3962.69	1.37236e-35
4297	1.48184e-35
4659.53	1.59895e-35
5052.63	1.72486e-35
5478.9	1.85931e-35
5941.13	2.0036e-35
6442.36	2.15789e-35
6985.88	2.32281e-35
7575.25	2.49906e-35
8214.34	2.68738e-35
8907.35	2.88808e-35
9658.83	3.1015e-35
10473.7	3.32924e-35
11357.3	3.57178e-35
12315.5	3.82949e-35
13354.5	4.10258e-35
14481.2	4.39321e-35
15702.9	4.70203e-35
17027.7	5.02848e-35
18464.2	5.37363e-35
20022	5.73943e-35
21711.2	6.1262e-35
23542.9	6.53542e-35
25529.1	6.96654e-35
27682.9	7.42151e-35
30018.4	7.90063e-35
32550.9	8.4043e-35
35297.1	8.93548e-35
38274.9	9.49407e-35
41504	1.00809e-34
45005.6	1.06983e-34
48802.5	1.13447e-34
52919.8	1.20214e-34
57384.4	1.27335e-34
62225.7	1.3477e-34
67475.4	1.42564e-34
73168.1	1.5071e-34
79341	1.59208e-34
86034.6	1.68102e-34
93293	1.77386e-34
101164	1.87101e-34
109699	1.97204e-34
118953	2.07725e-34
128989	2.18713e-34
139871	2.30156e-34
151672	2.42063e-34
164468	2.54461e-34
178343	2.67353e-34
193389	2.80755e-34
209705	2.94685e-34
227397	3.09165e-34
246581	3.24196e-34
267384	3.39807e-34
289942	3.56018e-34
314404	3.72831e-34
340929	3.90313e-34
369691	4.08355e-34
400881	4.27143e-34
434701	4.46571e-34
471375	4.66709e-34
511143	4.87498e-34
554266	5.09096e-34
601028	5.31457e-34
651734	5.54594e-34
706718	5.78597e-34
766341	6.03382e-34
830994	6.28963e-34
901102	6.55464e-34
977124	6.82869e-34
1.05956e+06	7.11223e-34
1.14895e+06	7.40577e-34
1.24588e+06	7.70868e-34
1.35099e+06	8.02067e-34
1.46497e+06	8.34463e-34
1.58857e+06	8.67775e-34
1.72259e+06	9.02268e-34
1.86791e+06	9.37997e-34
2.0255e+06	9.74769e-34
2.19639e+06	1.01257e-33
2.38169e+06	1.05192e-33
2.58262e+06	1.0922e-33
2.8005e+06	1.13393e-33
3.03677e+06	1.177e-33
3.29297e+06	1.2214e-33
3.57079e+06	1.26724e-33
3.87204e+06	1.31449e-33
4.19871e+06	1.36323e-33
4.55294e+06	1.41349e-33
4.93705e+06	1.46531e-33
5.35357e+06	1.51872e-33
5.80523e+06	1.57396e-33
6.29499e+06	1.63054e-33
6.82607e+06	1.68928e-33
7.40196e+06	1.74946e-33
8.02643e+06	1.81159e-33
8.70359e+06	1.8755e-33
9.43788e+06	1.94137e-33
1.02341e+07	2.00929e-33
1.10975e+07	2.07926e-33
1.20338e+07	2.1511e-33
1.3049e+07	2.22522e-33
1.41499e+07	2.30162e-33
1.53437e+07	2.38005e-33
1.66382e+07	2.46105e-33
1.80419e+07	2.54424e-33
1.9564e+07	2.62954e-33
2.12145e+07	2.718e-33
2.30043e+07	2.8086e-33
2.49451e+07	2.902e-33
2.70496e+07	2.99793e-33
2.93317e+07	3.09655e-33
3.18063e+07	3.19766e-33
3.44896e+07	3.30209e-33
3.73994e+07	3.40944e-33
4.05546e+07	3.5198e-33
4.3976e+07	3.63323e-33
4.76861e+07	3.74985e-33
5.17092e+07	3.86971e-33
5.60717e+07	3.99289e-33
6.08022e+07	4.11945e-33
6.59319e+07	4.24953e-33
7.14943e+07	4.38319e-33
7.7526e+07	4.52049e-33
8.40665e+07	4.66154e-33
9.11589e+07	4.8064e-33
9.88496e+07	4.95509e-33
1.07189e+08	5.10784e-33
1.16232e+08	5.26468e-33
1.26038e+08	5.42565e-33
1.36672e+08	5.59091e-33
1.48202e+08	5.76047e-33
1.60705e+08	5.93453e-33
1.74263e+08	6.11313e-33
1.88965e+08	6.29635e-33
2.04907e+08	6.48426e-33
2.22195e+08	6.67694e-33
2.4094e+08	6.87455e-33
2.61268e+08	7.07728e-33
2.8331e+08	7.285e-33
3.07211e+08	7.49789e-33
3.33129e+08	7.71599e-33
3.61234e+08	7.93945e-33
3.9171e+08	8.1683e-33
4.24757e+08	8.40273e-33
4.60592e+08	8.64268e-33
4.99451e+08	8.88834e-33
5.41587e+08	9.13976e-33
5.87279e+08	9.39702e-33
6.36825e+08	9.66016e-33
6.90551e+08	9.92915e-33
7.4881e+08	1.02042e-32
8.11984e+08	1.04853e-32
8.80488e+08	1.07724e-32
9.54772e+08	1.10656e-32
1.03532e+09	1.13648e-32
1.12267e+09	1.16703e-32
1.21738e+09	1.19818e-32
1.32009e+09	1.22994e-32
1.43146e+09	1.26232e-32
1.55223e+09	1.29531e-32
1.68318e+09	1.32888e-32
1.82518e+09	1.36306e-32
1.97917e+09	1.39781e-32
2.14614e+09	1.43318e-32
2.3272e+09	1.46909e-32
2.52354e+09	1.50554e-32
2.73644e+09	1.54255e-32
2.9673e+09	1.58008e-32
3.21764e+09	1.61813e-32
3.4891e+09	1.65669e-32
3.78346e+09	1.69572e-32
4.10266e+09	1.73516e-32
4.44878e+09	1.77502e-32
4.82411e+09	1.81526e-32
5.2311e+09	1.85587e-32
5.67243e+09	1.89679e-32
6.15099e+09	1.93802e-32
6.66992e+09	1.97954e-32
7.23263e+09	2.02129e-32
7.84282e+09	2.06322e-32
8.50449e+09	2.10533e-32
9.22198e+09	2.14752e-32
1e+10	2.18978e-32
