1000	3.25111e-36
1084.37	3.53652e-36
1175.85	3.84542e-36
1275.05	4.17998e-36
1382.62	4.54244e-36
1499.27	4.93486e-36
1625.76	5.35922e-36
1762.91	5.81834e-36
1911.64	6.31331e-36
2072.92	6.849e-36
2247.81	7.42727e-36
2437.44	8.05183e-36
2643.08	8.72559e-36
2866.07	9.45288e-36
3107.87	1.02366e-35
3370.06	1.1079e-35
3654.38	1.19876e-35
3962.69	1.29641e-35
4297	1.40141e-35
4659.53	1.51431e-35
5052.63	1.63556e-35
5478.9	1.76571e-35
5941.13	1.90527e-35
6442.36	2.05442e-35
6985.88	2.21435e-35
7575.25	2.38589e-35
8214.34	2.56842e-35
8907.35	2.76425e-35
9658.83	2.9727e-35
10473.7	3.195e-35
11357.3	3.43211e-35
12315.5	3.68449e-35
13354.5	3.95357e-35
14481.2	4.23837e-35
15702.9	4.54149e-35
17027.7	4.86311e-35
18464.2	5.20402e-35
20022	5.56528e-35
21711.2	5.94764e-35
23542.9	6.35206e-35
25529.1	6.77991e-35
27682.9	7.23047e-35
30018.4	7.70695e-35
32550.9	8.20738e-35
35297.1	8.73618e-35
38274.9	9.29132e-35
41504	9.87669e-35
45005.6	1.04901e-34
48802.5	1.11354e-34
52919.8	1.1812e-34
57384.4	1.25232e-34
62225.7	1.32671e-34
67475.4	1.40455e-34
73168.1	1.48587e-34
79341	1.5713e-34
86034.6	1.66013e-34
93293	1.75346e-34
101164	1.85029e-34
109699	1.95163e-34
118953	2.05733e-34
128989	2.16752e-34
139871	2.28235e-34
151672	2.40182e-34
164468	2.52653e-34
178343	2.65561e-34
193389	2.79018e-34
209705	2.93003e-34
227397	3.07535e-34
246581	3.22633e-34
267384	3.38304e-34
289942	3.54627e-34
314404	3.71459e-34
340929	3.88968e-34
369691	4.07164e-34
400881	4.25996e-34
434701	4.45505e-34
471375	4.65656e-34
511143	4.86586e-34
554266	5.08296e-34
601028	5.30745e-34
651734	5.53916e-34
706718	5.77986e-34
766341	6.02788e-34
830994	6.28486e-34
901102	6.55063e-34
977124	6.82611e-34
1.05956e+06	7.10995e-34
1.14895e+06	7.40292e-34
1.24588e+06	7.70708e-34
1.35099e+06	8.02022e-34
1.46497e+06	8.34373e-34
1.58857e+06	8.67667e-34
1.72259e+06	9.02156e-34
1.86791e+06	9.3776e-34
2.0255e+06	9.74627e-34
2.19639e+06	1.01241e-33
2.38169e+06	1.05152e-33
2.58262e+06	1.09189e-33
2.8005e+06	1.1335e-33
3.03677e+06	1.17643e-33
3.29297e+06	1.2207e-33
3.57079e+06	1.26632e-33
3.87204e+06	1.31338e-33
4.19871e+06	1.36187e-33
4.55294e+06	1.41184e-33
4.93705e+06	1.46333e-33
5.35357e+06	1.51637e-33
5.80523e+06	1.57101e-33
6.29499e+06	1.62744e-33
6.82607e+06	1.68551e-33
7.40196e+06	1.74509e-33
8.02643e+06	1.80655e-33
8.70359e+06	1.86994e-33
9.43788e+06	1.93494e-33
1.02341e+07	2.00204e-33
1.10975e+07	2.07104e-33
1.20338e+07	2.14197e-33
1.3049e+07	2.21518e-33
1.41499e+07	2.29017e-33
1.53437e+07	2.36754e-33
1.66382e+07	2.44703e-33
1.80419e+07	2.52896e-33
1.9564e+07	2.61265e-33
2.12145e+07	2.69948e-33
2.30043e+07	2.78841e-33
2.49451e+07	2.87984e-33
2.70496e+07	2.97384e-33
2.93317e+07	3.0699e-33
3.18063e+07	3.16919e-33
3.44896e+07	3.2712e-33
3.73994e+07	3.37602e-33
4.05546e+07	3.48369e-33
4.3976e+07	3.59438e-33
4.76861e+07	3.70804e-33
5.17092e+07	3.8248e-33
5.60717e+07	3.94471e-33
6.08022e+07	4.0679e-33
6.59319e+07	4.19439e-33
7.14943e+07	4.32433e-33
7.7526e+07	4.45771e-33
8.40665e+07	4.59471e-33
9.11589e+07	4.73534e-33
9.88496e+07	4.87966e-33
1.07189e+08	5.02782e-33
1.16232e+08	5.1799e-33
1.26038e+08	5.33601e-33
1.36672e+08	5.49621e-33
1.48202e+08	5.66057e-33
1.60705e+08	5.82926e-33
1.74263e+08	6.00229e-33
1.88965e+08	6.17981e-33
2.04907e+08	6.36192e-33
2.22195e+08	6.54869e-33
2.4094e+08	6.74015e-33
2.61268e+08	6.93659e-33
2.8331e+08	7.13812e-33
3.07211e+08	7.34466e-33
3.33129e+08	7.5564e-33
3.61234e+08	7.77338e-33
3.9171e+08	7.99573e-33
4.24757e+08	8.22366e-33
4.60592e+08	8.45721e-33
4.99451e+08	8.69649e-33
5.41587e+08	8.94161e-33
5.87279e+08	9.19268e-33
6.36825e+08	9.44978e-33
6.90551e+08	9.71312e-33
7.4881e+08	9.9827e-33
8.11984e+08	1.02586e-32
8.80488e+08	1.0541e-32
9.54772e+08	1.08299e-32
1.03532e+09	1.11255e-32
1.12267e+09	1.14279e-32
1.21738e+09	1.17371e-32
1.32009e+09	1.2053e-32
1.43146e+09	1.2376e-32
1.55223e+09	1.27062e-32
1.68318e+09	1.30433e-32
1.82518e+09	1.33876e-32
1.97917e+09	1.37391e-32
2.14614e+09	1.40978e-32
2.3272e+09	1.44635e-32
2.52354e+09	1.48365e-32
2.73644e+09	1.5217e-32
2.9673e+09	1.56046e-32
3.21764e+09	1.59993e-32
3.4891e+09	1.64014e-32
3.78346e+09	1.68101e-32
4.10266e+09	1.72264e-32
4.44878e+09	1.76487e-32
4.82411e+09	1.80775e-32
5.2311e+09	1.85128e-32
5.67243e+09	1.89542e-32
6.15099e+09	1.94017e-32
6.66992e+09	1.98549e-32
7.23263e+09	2.03135e-32
7.84282e+09	2.07773e-32
8.50449e+09	2.12457e-32
9.22198e+09	2.17184e-32
1e+10	2.2195e-32
