1000	6.07638e-36
1084.37	6.57665e-36
1175.85	7.11408e-36
1275.05	7.69404e-36
1382.62	8.31681e-36
1499.27	8.98621e-36
1625.76	9.7034e-36
1762.91	1.04758e-35
1911.64	1.13035e-35
2072.92	1.21882e-35
2247.81	1.31388e-35
2437.44	1.41554e-35
2643.08	1.52433e-35
2866.07	1.64082e-35
3107.87	1.76485e-35
3370.06	1.89756e-35
3654.38	2.03861e-35
3962.69	2.18922e-35
4297	2.34926e-35
4659.53	2.51967e-35
5052.63	2.70079e-35
5478.9	2.8926e-35
5941.13	3.09638e-35
6442.36	3.31214e-35
6985.88	3.54053e-35
7575.25	3.7825e-35
8214.34	4.03735e-35
8907.35	4.30696e-35
9658.83	4.59111e-35
10473.7	4.89059e-35
11357.3	5.20591e-35
12315.5	5.53753e-35
13354.5	5.88617e-35
14481.2	6.25208e-35
15702.9	6.63627e-35
17027.7	7.03914e-35
18464.2	7.46189e-35
20022	7.90301e-35
21711.2	8.36617e-35
23542.9	8.84883e-35
25529.1	9.35473e-35
27682.9	9.8826e-35
30018.4	1.04326e-34
32550.9	1.10068e-34
35297.1	1.16067e-34
38274.9	1.2232e-34
41504	1.2881e-34
45005.6	1.35601e-34
48802.5	1.42656e-34
52919.8	1.49998e-34
57384.4	1.57618e-34
62225.7	1.65577e-34
67475.4	1.73832e-34
73168.1	1.82417e-34
79341	1.91334e-34
86034.6	2.006e-34
93293	2.102e-34
101164	2.20191e-34
109699	2.306e-34
118953	2.41341e-34
128989	2.52524e-34
139871	2.64129e-34
151672	2.76171e-34
164468	2.88684e-34
178343	3.01613e-34
193389	3.15076e-34
209705	3.28979e-34
227397	3.43421e-34
246581	3.58388e-34
267384	3.73912e-34
289942	3.89999e-34
314404	4.06713e-34
340929	4.23982e-34
369691	4.41875e-34
400881	4.60351e-34
434701	4.79546e-34
471375	4.994e-34
511143	5.1997e-34
554266	5.41274e-34
601028	5.633e-34
651734	5.8612e-34
706718	6.09713e-34
766341	6.34181e-34
830994	6.59376e-34
901102	6.85562e-34
977124	7.12485e-34
1.05956e+06	7.40412e-34
1.14895e+06	7.69341e-34
1.24588e+06	7.99188e-34
1.35099e+06	8.29907e-34
1.46497e+06	8.61735e-34
1.58857e+06	8.94627e-34
1.72259e+06	9.28736e-34
1.86791e+06	9.63843e-34
2.0255e+06	1.00008e-33
2.19639e+06	1.03733e-33
2.38169e+06	1.07594e-33
2.58262e+06	1.11579e-33
2.8005e+06	1.15691e-33
3.03677e+06	1.19933e-33
3.29297e+06	1.2431e-33
3.57079e+06	1.28823e-33
3.87204e+06	1.3348e-33
4.19871e+06	1.38281e-33
4.55294e+06	1.4323e-33
4.93705e+06	1.48342e-33
5.35357e+06	1.53589e-33
5.80523e+06	1.59023e-33
6.29499e+06	1.6459e-33
6.82607e+06	1.70361e-33
7.40196e+06	1.7628e-33
8.02643e+06	1.82383e-33
8.70359e+06	1.88679e-33
9.43788e+06	1.95147e-33
1.02341e+07	2.01811e-33
1.10975e+07	2.08661e-33
1.20338e+07	2.15732e-33
1.3049e+07	2.22998e-33
1.41499e+07	2.30474e-33
1.53437e+07	2.38164e-33
1.66382e+07	2.46074e-33
1.80419e+07	2.54195e-33
1.9564e+07	2.62601e-33
2.12145e+07	2.71215e-33
2.30043e+07	2.80063e-33
2.49451e+07	2.8918e-33
2.70496e+07	2.98547e-33
2.93317e+07	3.0813e-33
3.18063e+07	3.18025e-33
3.44896e+07	3.28199e-33
3.73994e+07	3.38652e-33
4.05546e+07	3.49391e-33
4.3976e+07	3.60478e-33
4.76861e+07	3.71772e-33
5.17092e+07	3.83421e-33
5.60717e+07	3.95387e-33
6.08022e+07	4.07682e-33
6.59319e+07	4.20367e-33
7.14943e+07	4.33276e-33
7.7526e+07	4.4659e-33
8.40665e+07	4.60267e-33
9.11589e+07	4.74308e-33
9.88496e+07	4.8872e-33
1.07189e+08	5.03514e-33
1.16232e+08	5.18704e-33
1.26038e+08	5.34297e-33
1.36672e+08	5.50297e-33
1.48202e+08	5.66713e-33
1.60705e+08	5.83563e-33
1.74263e+08	6.00853e-33
1.88965e+08	6.18582e-33
2.04907e+08	6.36778e-33
2.22195e+08	6.55434e-33
2.4094e+08	6.74569e-33
2.61268e+08	6.942e-33
2.8331e+08	7.14337e-33
3.07211e+08	7.34976e-33
3.33129e+08	7.56135e-33
3.61234e+08	7.77819e-33
3.9171e+08	8.00041e-33
4.24757e+08	8.22821e-33
4.60592e+08	8.46163e-33
4.99451e+08	8.70078e-33
5.41587e+08	8.94579e-33
5.87279e+08	9.19674e-33
6.36825e+08	9.45373e-33
6.90551e+08	9.71698e-33
7.4881e+08	9.98643e-33
8.11984e+08	1.02622e-32
8.80488e+08	1.05445e-32
9.54772e+08	1.08334e-32
1.03532e+09	1.11289e-32
1.12267e+09	1.14311e-32
1.21738e+09	1.17402e-32
1.32009e+09	1.20561e-32
1.43146e+09	1.2379e-32
1.55223e+09	1.27091e-32
1.68318e+09	1.30461e-32
1.82518e+09	1.33903e-32
1.97917e+09	1.37418e-32
2.14614e+09	1.41004e-32
2.3272e+09	1.4466e-32
2.52354e+09	1.48389e-32
2.73644e+09	1.52194e-32
2.9673e+09	1.56069e-32
3.21764e+09	1.60015e-32
3.4891e+09	1.64035e-32
3.78346e+09	1.68122e-32
4.10266e+09	1.72285e-32
4.44878e+09	1.76507e-32
4.82411e+09	1.80795e-32
5.2311e+09	1.85147e-32
5.67243e+09	1.8956e-32
6.15099e+09	1.94034e-32
6.66992e+09	1.98566e-32
7.23263e+09	2.03151e-32
7.84282e+09	2.07789e-32
8.50449e+09	2.12472e-32
9.22198e+09	2.17199e-32
1e+10	2.21964e-32
