1000	3.31924e-36
1084.37	3.60969e-36
1175.85	3.92424e-36
1275.05	4.26488e-36
1382.62	4.63434e-36
1499.27	5.03252e-36
1625.76	5.4642e-36
1762.91	5.93065e-36
1911.64	6.43488e-36
2072.92	6.97925e-36
2247.81	7.56696e-36
2437.44	8.20131e-36
2643.08	8.88565e-36
2866.07	9.62341e-36
3107.87	1.04186e-35
3370.06	1.12743e-35
3654.38	1.21953e-35
3962.69	1.31858e-35
4297	1.42524e-35
4659.53	1.53951e-35
5052.63	1.66224e-35
5478.9	1.79415e-35
5941.13	1.9352e-35
6442.36	2.0864e-35
6985.88	2.2486e-35
7575.25	2.42155e-35
8214.34	2.60695e-35
8907.35	2.80405e-35
9658.83	3.01538e-35
10473.7	3.24027e-35
11357.3	3.47936e-35
12315.5	3.73428e-35
13354.5	4.00595e-35
14481.2	4.29352e-35
15702.9	4.60005e-35
17027.7	4.92395e-35
18464.2	5.26792e-35
20022	5.63285e-35
21711.2	6.01746e-35
23542.9	6.42588e-35
25529.1	6.85535e-35
27682.9	7.31085e-35
30018.4	7.7893e-35
32550.9	8.29537e-35
35297.1	8.82687e-35
38274.9	9.38544e-35
41504	9.975e-35
45005.6	1.05917e-34
48802.5	1.12406e-34
52919.8	1.19209e-34
57384.4	1.26347e-34
62225.7	1.33838e-34
67475.4	1.41663e-34
73168.1	1.49837e-34
79341	1.58396e-34
86034.6	1.67346e-34
93293	1.7671e-34
101164	1.86447e-34
109699	1.9665e-34
118953	2.07234e-34
128989	2.18293e-34
139871	2.29811e-34
151672	2.41808e-34
164468	2.54289e-34
178343	2.67311e-34
193389	2.8078e-34
209705	2.94821e-34
227397	3.09407e-34
246581	3.2456e-34
267384	3.40286e-34
289942	3.56616e-34
314404	3.7356e-34
340929	3.91137e-34
369691	4.09421e-34
400881	4.28263e-34
434701	4.47854e-34
471375	4.68203e-34
511143	4.8923e-34
554266	5.1099e-34
601028	5.33481e-34
651734	5.56831e-34
706718	5.80996e-34
766341	6.06046e-34
830994	6.31835e-34
901102	6.58651e-34
977124	6.86317e-34
1.05956e+06	7.1493e-34
1.14895e+06	7.44436e-34
1.24588e+06	7.75014e-34
1.35099e+06	8.06674e-34
1.46497e+06	8.39343e-34
1.58857e+06	8.72969e-34
1.72259e+06	9.07794e-34
1.86791e+06	9.43768e-34
2.0255e+06	9.81094e-34
2.19639e+06	1.01933e-33
2.38169e+06	1.05908e-33
2.58262e+06	1.09983e-33
2.8005e+06	1.14204e-33
3.03677e+06	1.1856e-33
3.29297e+06	1.23065e-33
3.57079e+06	1.27695e-33
3.87204e+06	1.3248e-33
4.19871e+06	1.37416e-33
4.55294e+06	1.42508e-33
4.93705e+06	1.47758e-33
5.35357e+06	1.53174e-33
5.80523e+06	1.58758e-33
6.29499e+06	1.64515e-33
6.82607e+06	1.70451e-33
7.40196e+06	1.76578e-33
8.02643e+06	1.82897e-33
8.70359e+06	1.89383e-33
9.43788e+06	1.96063e-33
1.02341e+07	2.0296e-33
1.10975e+07	2.10082e-33
1.20338e+07	2.17406e-33
1.3049e+07	2.2496e-33
1.41499e+07	2.32715e-33
1.53437e+07	2.40719e-33
1.66382e+07	2.48957e-33
1.80419e+07	2.57446e-33
1.9564e+07	2.66181e-33
2.12145e+07	2.75159e-33
2.30043e+07	2.84421e-33
2.49451e+07	2.93907e-33
2.70496e+07	3.03744e-33
2.93317e+07	3.13847e-33
3.18063e+07	3.24209e-33
3.44896e+07	3.34909e-33
3.73994e+07	3.45887e-33
4.05546e+07	3.57139e-33
4.3976e+07	3.6877e-33
4.76861e+07	3.80733e-33
5.17092e+07	3.93033e-33
5.60717e+07	4.05679e-33
6.08022e+07	4.18679e-33
6.59319e+07	4.32054e-33
7.14943e+07	4.45796e-33
7.7526e+07	4.59926e-33
8.40665e+07	4.74452e-33
9.11589e+07	4.8939e-33
9.88496e+07	5.04735e-33
1.07189e+08	5.20505e-33
1.16232e+08	5.36702e-33
1.26038e+08	5.53353e-33
1.36672e+08	5.70459e-33
1.48202e+08	5.88026e-33
1.60705e+08	6.06156e-33
1.74263e+08	6.24613e-33
1.88965e+08	6.43657e-33
2.04907e+08	6.6321e-33
2.22195e+08	6.83282e-33
2.4094e+08	7.03894e-33
2.61268e+08	7.25046e-33
2.8331e+08	7.46769e-33
3.07211e+08	7.69049e-33
3.33129e+08	7.91922e-33
3.61234e+08	8.15401e-33
3.9171e+08	8.39483e-33
4.24757e+08	8.64183e-33
4.60592e+08	8.89518e-33
4.99451e+08	9.15502e-33
5.41587e+08	9.42147e-33
5.87279e+08	9.69462e-33
6.36825e+08	9.97469e-33
6.90551e+08	1.02617e-32
7.4881e+08	1.05558e-32
8.11984e+08	1.08572e-32
8.80488e+08	1.11659e-32
9.54772e+08	1.1482e-32
1.03532e+09	1.18058e-32
1.12267e+09	1.21373e-32
1.21738e+09	1.24765e-32
1.32009e+09	1.28237e-32
1.43146e+09	1.31787e-32
1.55223e+09	1.35417e-32
1.68318e+09	1.39129e-32
1.82518e+09	1.42922e-32
1.97917e+09	1.46799e-32
2.14614e+09	1.50758e-32
2.3272e+09	1.548e-32
2.52354e+09	1.58924e-32
2.73644e+09	1.63129e-32
2.9673e+09	1.67418e-32
3.21764e+09	1.71792e-32
3.4891e+09	1.76245e-32
3.78346e+09	1.8078e-32
4.10266e+09	1.85396e-32
4.44878e+09	1.90093e-32
4.82411e+09	1.94858e-32
5.2311e+09	1.99698e-32
5.67243e+09	2.04607e-32
6.15099e+09	2.09586e-32
6.66992e+09	2.14633e-32
7.23263e+09	2.19741e-32
7.84282e+09	2.24909e-32
8.50449e+09	2.30131e-32
9.22198e+09	2.35402e-32
1e+10	2.40718e-32
