1000	3.37428e-36
1084.37	3.66804e-36
1175.85	3.98655e-36
1275.05	4.33139e-36
1382.62	4.70438e-36
1499.27	5.10827e-36
1625.76	5.54513e-36
1762.91	6.0166e-36
1911.64	6.52722e-36
2072.92	7.0774e-36
2247.81	7.67235e-36
2437.44	8.31306e-36
2643.08	9.00446e-36
2866.07	9.75082e-36
3107.87	1.05553e-35
3370.06	1.14187e-35
3654.38	1.23497e-35
3962.69	1.33517e-35
4297	1.44259e-35
4659.53	1.55839e-35
5052.63	1.68237e-35
5478.9	1.81524e-35
5941.13	1.95785e-35
6442.36	2.11089e-35
6985.88	2.27413e-35
7575.25	2.44877e-35
8214.34	2.63565e-35
8907.35	2.83514e-35
9658.83	3.04844e-35
10473.7	3.27513e-35
11357.3	3.51752e-35
12315.5	3.77427e-35
13354.5	4.04795e-35
14481.2	4.33877e-35
15702.9	4.64765e-35
17027.7	4.97602e-35
18464.2	5.32268e-35
20022	5.69059e-35
21711.2	6.08077e-35
23542.9	6.49141e-35
25529.1	6.92651e-35
27682.9	7.38574e-35
30018.4	7.87028e-35
32550.9	8.38064e-35
35297.1	8.91834e-35
38274.9	9.48426e-35
41504	1.00807e-34
45005.6	1.0706e-34
48802.5	1.13632e-34
52919.8	1.20524e-34
57384.4	1.27743e-34
62225.7	1.35335e-34
67475.4	1.43265e-34
73168.1	1.51557e-34
79341	1.60265e-34
86034.6	1.6933e-34
93293	1.78818e-34
101164	1.88732e-34
109699	1.99072e-34
118953	2.09866e-34
128989	2.21116e-34
139871	2.32844e-34
151672	2.45063e-34
164468	2.57784e-34
178343	2.71022e-34
193389	2.84795e-34
209705	2.99118e-34
227397	3.14008e-34
246581	3.29483e-34
267384	3.45555e-34
289942	3.62248e-34
314404	3.79568e-34
340929	3.97557e-34
369691	4.16267e-34
400881	4.35621e-34
434701	4.55687e-34
471375	4.76433e-34
511143	4.97978e-34
554266	5.2033e-34
601028	5.43443e-34
651734	5.67383e-34
706718	5.92267e-34
766341	6.1786e-34
830994	6.44434e-34
901102	6.71901e-34
977124	7.00366e-34
1.05956e+06	7.29759e-34
1.14895e+06	7.60169e-34
1.24588e+06	7.91601e-34
1.35099e+06	8.24175e-34
1.46497e+06	8.57663e-34
1.58857e+06	8.92366e-34
1.72259e+06	9.28213e-34
1.86791e+06	9.65232e-34
2.0255e+06	1.0035e-33
2.19639e+06	1.04297e-33
2.38169e+06	1.0839e-33
2.58262e+06	1.12581e-33
2.8005e+06	1.16928e-33
3.03677e+06	1.2143e-33
3.29297e+06	1.26037e-33
3.57079e+06	1.30812e-33
3.87204e+06	1.35735e-33
4.19871e+06	1.40814e-33
4.55294e+06	1.46053e-33
4.93705e+06	1.51454e-33
5.35357e+06	1.57023e-33
5.80523e+06	1.62763e-33
6.29499e+06	1.68704e-33
6.82607e+06	1.74789e-33
7.40196e+06	1.81086e-33
8.02643e+06	1.87536e-33
8.70359e+06	1.94232e-33
9.43788e+06	2.01087e-33
1.02341e+07	2.08165e-33
1.10975e+07	2.15454e-33
1.20338e+07	2.22962e-33
1.3049e+07	2.30696e-33
1.41499e+07	2.3864e-33
1.53437e+07	2.46841e-33
1.66382e+07	2.5527e-33
1.80419e+07	2.63939e-33
1.9564e+07	2.72827e-33
2.12145e+07	2.82042e-33
2.30043e+07	2.91487e-33
2.49451e+07	3.01199e-33
2.70496e+07	3.11197e-33
2.93317e+07	3.2147e-33
3.18063e+07	3.32039e-33
3.44896e+07	3.42858e-33
3.73994e+07	3.54027e-33
4.05546e+07	3.65504e-33
4.3976e+07	3.77302e-33
4.76861e+07	3.89425e-33
5.17092e+07	4.01887e-33
5.60717e+07	4.14684e-33
6.08022e+07	4.27827e-33
6.59319e+07	4.41335e-33
7.14943e+07	4.55209e-33
7.7526e+07	4.69454e-33
8.40665e+07	4.84084e-33
9.11589e+07	4.99106e-33
9.88496e+07	5.14603e-33
1.07189e+08	5.3035e-33
1.16232e+08	5.46596e-33
1.26038e+08	5.63263e-33
1.36672e+08	5.80364e-33
1.48202e+08	5.97905e-33
1.60705e+08	6.15908e-33
1.74263e+08	6.34371e-33
1.88965e+08	6.53299e-33
2.04907e+08	6.72703e-33
2.22195e+08	6.92601e-33
2.4094e+08	7.12994e-33
2.61268e+08	7.33903e-33
2.8331e+08	7.55315e-33
3.07211e+08	7.77258e-33
3.33129e+08	7.99725e-33
3.61234e+08	8.22731e-33
3.9171e+08	8.46292e-33
4.24757e+08	8.70396e-33
4.60592e+08	8.9508e-33
4.99451e+08	9.20334e-33
5.41587e+08	9.46167e-33
5.87279e+08	9.72588e-33
6.36825e+08	9.99596e-33
6.90551e+08	1.0272e-32
7.4881e+08	1.05541e-32
8.11984e+08	1.08422e-32
8.80488e+08	1.11365e-32
9.54772e+08	1.14368e-32
1.03532e+09	1.17433e-32
1.12267e+09	1.20559e-32
1.21738e+09	1.23748e-32
1.32009e+09	1.26996e-32
1.43146e+09	1.30307e-32
1.55223e+09	1.33678e-32
1.68318e+09	1.37108e-32
1.82518e+09	1.40599e-32
1.97917e+09	1.44151e-32
2.14614e+09	1.47759e-32
2.3272e+09	1.51424e-32
2.52354e+09	1.55144e-32
2.73644e+09	1.58919e-32
2.9673e+09	1.62747e-32
3.21764e+09	1.66626e-32
3.4891e+09	1.70557e-32
3.78346e+09	1.74534e-32
4.10266e+09	1.78553e-32
4.44878e+09	1.82612e-32
4.82411e+09	1.86711e-32
5.2311e+09	1.90847e-32
5.67243e+09	1.95014e-32
6.15099e+09	1.99212e-32
6.66992e+09	2.03438e-32
7.23263e+09	2.07687e-32
7.84282e+09	2.11955e-32
8.50449e+09	2.1624e-32
9.22198e+09	2.20533e-32
1e+10	2.24833e-32
